% batdat.m: data for a batch reactor 
A1 = 1.2; A2 = 180; E1 = 2.1e4; E2 = 4.3e4; R = 8.314; 
dH1 = 4.09e4; dH2 = 8.24e4; rho = 1000; Cp = 1; 
Tc = 20; Ts = 110; Uj = 1.2; Uc = 3.0; AcV = 18.6; AjV = 31.5;  