%Two-Dimensional Heat Transfer
A = [-4 2 0 0 0 2 0 0 0;1 -4 1 0 0 0 1 0 0;0 1 -4 1 0 0 0 1 0; ...    
0 0 2 -4 0 0 0 0 1;0 0 0 0 -4 2 0 0 0;1 0 0 0 1 -4 1 0 0;...    
0 1 0 0 0 1 -4 1 0;0 0 1 0 0 0 1 -4 1;0 0 1 0 0 0 0 2 -4]; 
b = [0 -500 -500 -500 -400 -200 -200 -200 -200]'; 
x = A\b 