function f = beq(t,z,P) 
% t(1)=x11, t(2)=x21, t(3)=x12, t(4)=x22, t(5)=T, t(6)=beta 
% Required relations 
P1 = 10^(7.62231 - 1417.9/(191.15 + t(5))); P2 = 10^(8.10765 - 1750.29/(235 + t(5))); 
gam11 = 10^(1.7*t(2)^2/((2.43*t(1) + t(2))^2)); gam12 = 10^(1.7*t(4)^2/ ((2.43*t(3) + t(4))^2)); 
gam21 = 10^(0.7*t(1)^2/((t(1) + 0.412*t(2))^2)); gam22 = 10^(0.7*t(3)^2/((t(3) + 0.412*t(4))^2)); 
k11 = gam11*P1/P; k12 = gam12*P1/P; k21 = gam21*P2/P; k22 = gam22*P2/P;  
% Nonlinear equations 
f(1,1) = t(1) - z(1)/(t(6) + (1-t(6))*k11/k12); % i=1  
f(2,1) = t(2) - z(2)/(t(6) + (1-t(6))*k21/k22); % i=2  
f(3,1) = t(3) - t(1)*k11/k12; f(4,1) = t(4) - t(2)*k21/k22; f(5,1) = t(1) + t(2) - t(3) - t(4); 
f(6,1) = t(1)*(1-k11) + t(2)*(1-k21); 
end 