x10 = 0.2; x20 = 0.8; T0 = 100; y = [0.2 0.8]; P = 760; t0 = [x10 x20 T0]; 
x = fsolve(@dpf, t0, [], y, P)  