% Vapor Pressure of 2-Methyl-1-Butanethiol 
T = 112.6; Pv = 2.142e-6*T^4 + 1.314e-4*T^3 + 0.001*T^2 + 0.863076*T - 7.7885