% Vapor Pressure of Cyclohexanethiol
T = 100; Pv = 1.35175e-6*T^4 - 2.8e-5*T^3 - 0.0053375*T^2 + 1.1674*T - 38.62