% vapdat.m: define data
Q = 6000; lambda = 475; Cp = 1; Ti = 20; Fi = 1000; rhol = 1;
V = 5500; Kv = 40; P0 = 10; Mw = 18; R = 0.08206;
A = 18.3036; B = 3816.44; C = -46.13;
